1.




                                      1966 04 11
                                         60




2.




 1,676,386   1,477,406      148,521




3.




                   57,634               0          0

                   52,466               0          0

                   5,168                0          0




                     0                  0          0
                                  2
                             SW


    100
                                      400


1         226                             1

                                          4




          8
                     2                1
                             340
                SA       2


                                  25
       BBC                                                5

                                             GDS I
2024       14              1     2025        15                  3

                       ARIRANG

2025 UCLG                      ASPAC
                27   173                                 800

2025


6      5                                16                      776
                           200                     1.3           LG
                                            83                 125




GTX A



                           2            1
                                                 2.0
108




      30




       K
         2
49




     K
K




70
